scenario:
  name: Demo
  description: 데모 시나리오
  time_constraint: 30
playground:
  usd_file: playground/S3/SejongUniv_S3.usd
  view_point:
    # camera_view_eye: [-103.4685, 105.3, 25.0]
    camera_view_eye: [12.411162417591612, -71.22514542108262, 20.603166650163466]
    camera_view_target: [-103.4685, 105.3, 16.02017]
mission:
  demo_1:
    camera_info:
      focal_length: 4
      horizontal_aperture: 4.8
      position: [-60.86416, 152.94693, 21.47511]
      rotation: [-74.492, -23.79, -168.446]
      ground_height: 16.5
    mission_objects:
      master_chef_can: 3
      wood_block: 3
      tissue: 3
      cola_can: 3
      juice: 3
  demo_2:
    camera_info:
      focal_length: 4
      horizontal_aperture: 4.8
      ground_height: 16.8
      position: [-31.50976, 136.45802, 21.27105]
      rotation: [-72.435, 30.821, 167.397]
    mission_objects:
      master_chef_can: 3
      wood_block: 3
      cola_can: 3
      juice: 3   
      cracker_box: 0
robot:
  start_point: [-26.754985809326172, -89.46449279785156, 21.7958637722145]  
draw_mission_debug_lines: false